6111	1936172
6111	1936173
6111	1936174
6111	1936175
6111	1936176
6111	1936177
6111	1936178
6111	1936179
6111	1936180
6111	1936181
6111	1936182
6111	1936183
6111	1936184
6111	1936185
6111	1936186
6111	1936187
6111	1936188
6111	1936189
6111	1936190
6111	1936191
6111	1936192
6111	1936193
6111	1936194
6111	1936195
6111	1936196
6111	1936197
6111	1936198
6111	1936199
6111	1936200
6111	1936201
6111	1936202
6111	1936203
6111	1936204
6111	1936205
6111	1936206
6111	1936207
6111	1936208
6111	1936209
6111	1936210
6111	1936211
6111	1936212
6111	1936213
6111	1936214
6111	1936215
6111	1936216
6111	1936217
6111	1936218
6111	1936219
6111	1936220
6111	1936221
6111	1936222
6111	1936223
6111	1936224
6111	1936225
6111	1936226
6111	1936227
6111	1936228
6111	1936229
6111	1936230
6111	1936231
6112	1936234
6112	1936235
6112	1936236
6112	1936237
6112	1936238
6112	1936239
6112	1936240
6112	1936241
6112	1936242
6112	1936243
6112	1936244
6112	1936245
6112	1936246
6112	1936247
6112	1936248
6112	1936249
6112	1936250
6112	1936251
6112	1936252
6112	1936253
6112	1936254
6112	1936255
6112	1936256
6112	1936257
6112	1936258
6112	1936259
6112	1936260
6112	1936261
6112	1936262
6112	1936263
6112	1936264
6112	1936265
6112	1936266
6112	1936267
6112	1936268
6112	1936269
6112	1936270
6112	1936271
6112	1936272
6112	1936273
6112	1936274
6112	1936275
6112	1936276
6112	1936277
6112	1936278
6112	1936279
6112	1936280
6112	1936281
6112	1936282
6112	1936283
6112	1936284
6112	1936285
6112	1936286
6112	1936287
6112	1936288
6112	1936289
6112	1936290
6112	1936291
6112	1936292
6112	1936293
6113	1936296
6113	1936297
6113	1936298
6113	1936299
6113	1936300
6113	1936301
6113	1936302
6113	1936303
6113	1936304
6113	1936305
6113	1936306
6113	1936307
6113	1936308
6113	1936309
6113	1936311
6113	1936312
6113	1936313
6113	1936314
6113	1936315
6113	1936316
6113	1936317
6113	1936318
6113	1936319
6113	1936320
6113	1936321
6113	1936322
6113	1936323
6113	1936324
6113	1936325
6113	1936326
6113	1936327
6113	1936328
6113	1936329
6113	1936330
6113	1936331
6113	1936332
6113	1936333
6113	1936334
6113	1936335
6113	1936336
6113	1936337
6113	1936338
6113	1936339
6113	1936340
6113	1936341
6113	1936342
6113	1936343
6113	1936344
6113	1936345
6113	1936346
6113	1936347
6113	1936348
6113	1936349
6113	1936350
6113	1936351
6113	1936352
6113	1936353
6113	1936354
6113	1936355
6114	1936358
6114	1936359
6114	1936360
6114	1936361
6114	1936362
6114	1936363
6114	1936364
6114	1936365
6114	1936366
6114	1936367
6114	1936368
6114	1936369
6114	1936370
6114	1936371
6114	1936372
6114	1936373
6114	1936374
6114	1936375
6114	1936376
6114	1936377
6114	1936378
6114	1936379
6114	1936380
6114	1936381
6114	1936382
6114	1936383
6114	1936384
6114	1936385
6114	1936386
6114	1936387
6114	1936388
6114	1936389
6114	1936390
6114	1936391
6114	1936392
6114	1936393
6114	1936394
6114	1936395
6114	1936396
6114	1936397
6114	1936398
6114	1936399
6114	1936400
6114	1936401
6114	1936402
6114	1936403
6114	1936404
6114	1936405
6114	1936406
6114	1936407
6114	1936408
6114	1936409
6114	1936410
6114	1936411
6114	1936412
6114	1936413
6114	1936414
6114	1936415
6114	1936416
6114	1936417
6115	1936420
6115	1936421
6115	1936422
6115	1936423
6115	1936424
6115	1936425
6115	1936426
6115	1936427
6115	1936428
6115	1936429
6115	1936430
6115	1936431
6115	1936432
6115	1936433
6115	1936434
6115	1936435
6115	1936436
6115	1936437
6115	1936438
6115	1936439
6115	1936440
6115	1936441
6115	1936442
6115	1936443
6115	1936444
6115	1936445
6115	1936446
6115	1936447
6115	1936448
6115	1936449
6115	1936450
6115	1936451
6115	1936452
6115	1936453
6115	1936454
6115	1936455
6115	1936456
6115	1936457
6115	1936458
6115	1936459
6115	1936460
6115	1936461
6115	1936462
6115	1936463
6115	1936464
6115	1936465
6115	1936466
6115	1936467
6115	1936468
6115	1936469
6115	1936470
6115	1936471
6115	1936472
6115	1936473
6115	1936474
6115	1936475
6115	1936476
6115	1936477
6115	1936478
6115	1936479
6116	1936482
6116	1936483
6116	1936484
6116	1936485
6116	1936486
6116	1936487
6116	1936488
6116	1936489
6116	1936490
6116	1936491
6116	1936492
6116	1936493
6116	1936494
6116	1936495
6116	1936496
6116	1936497
6116	1936498
6116	1936499
6116	1936500
6116	1936501
6116	1936502
6116	1936503
6116	1936504
6116	1936505
6116	1936506
6116	1936507
6116	1936508
6116	1936509
6116	1936510
6116	1936511
6116	1936512
6116	1936513
6116	1936514
6116	1936515
6116	1936516
6116	1936517
6116	1936518
6116	1936519
6116	1936520
6116	1936521
6116	1936522
6116	1936523
6116	1936524
6116	1936525
6116	1936526
6116	1936527
6116	1936528
6116	1936529
6116	1936530
6116	1936531
6116	1936532
6116	1936533
6116	1936534
6116	1936539
6117	1936547
6117	1936550
6117	1936551
6117	1936552
6117	1936553
6117	1936554
6117	1936555
6117	1936556
6117	1936557
6117	1936558
6117	1936559
6117	1936560
6117	1936561
6117	1936562
6117	1936563
6117	1936565
6117	1936567
6117	1936568
6117	1936569
6117	1936570
6117	1936571
6117	1936572
6117	1936578
6117	1936579
6117	1936580
6117	1936581
6117	1936582
6117	1936583
6117	1936584
6117	1936585
6117	1936586
6117	1936587
6117	1936588
6117	1936589
6117	1936590
6118	1936602
6118	1936603
6118	1936604
6118	1936605
6118	1936606
6118	1936607
6118	1936608
6118	1936609
6118	1936610
6118	1936611
6118	1936612
6118	1936613
6118	1936614
6118	1936615
6118	1936616
6118	1936617
6118	1936618
6118	1936619
6118	1936620
6118	1936621
6118	1936622
6118	1936623
6118	1936624
6135	1938446
6135	1938447
6135	1938448
6135	1938449
6135	1938450
6135	1938451
6135	1938452
6135	1938453
6135	1938454
6135	1938455
6135	1938456
6135	1938457
6135	1938458
6135	1938459
6135	1938460
6135	1938461
6135	1938462
6135	1938463
6135	1938464
6135	1938465
6135	1938466
6135	1938467
6135	1938468
6135	1938469
6135	1938470
6135	1938471
6135	1938472
6135	1938473
6135	1938474
6135	1938475
6135	1938476
6135	1938477
6135	1938478
6135	1938479
6135	1938480
6135	1938481
6135	1938482
6135	1938483
6135	1938484
6135	1938485
6135	1938486
6135	1938487
6135	1938488
6135	1938489
6135	1938490
6135	1938491
6135	1938492
6135	1938493
6135	1938494
6135	1938495
6135	1938496
6135	1938497
6135	1938498
6135	1938499
6135	1938500
6135	1938501
6135	1938502
6135	1938503
6135	1938504
6135	1938505
6136	1938508
6136	1938509
6136	1938510
6136	1938511
6136	1938512
6136	1938513
6136	1938514
6136	1938515
6136	1938516
6136	1938517
6136	1938518
6136	1938519
